1 000000000111111122222233334445 112345678234568745768345677586 234567899546897979683996785899
2 000000000111111122222233334445 112345678234568745678345767586 234567899546897996783979685899
3 000000000111111122222233334445 112345678234567845786345676856 234567899547698978963989789597
4 000000000111111122222233334445 112345678234567845768345676857 234567899547698979683986799598
5 000000000111111122222233334445 112345678234567845863745676856 234567899547698989637998987597
6 000000000111111122222233334445 112345678234576845687345766577 234567899547869986973989685998
7 000000000111111122222233334445 112345678234576845867345676577 234567899547869989673986985998
8 000000000111111122222233334445 112345678234586745673845766577 234567899549867976938989695988
9 000000000111111122222233334455 112345678235468745763858745686 234567899564897987639987499769
10 000000000111111122222233334455 112345678235467845783658475676 234567899564978979836994798968
11 000000000111111122222233334455 112345678235674845876354875686 234567899567948998763948799769 
12 000000000111111122222233334456 112345678235647845768356748577 234567899576498979683969485989 
13 000000000111111122222233334456 112345678235784645637856847567 234567899579846976398987495989
14 000000000111111122222233334455 112345678235687445386784766578 234567899586974983967947695989
15 000011111112233333222444550000 112323546784546758387568685876 234456478996679582979989709769
16 000011111112233322233444550000 112323546784546737885567675786 234456478996687298959998708969
17 000011111112233333222444550000 112323546784546857378567685867 234456478996689572989998709679
18 000011111112233333222444550000 112323546784546758387567675768 234456478996697582979898909689 
19 000011111112222223333444550000 112323546784567384685567765687 234456478996783998759998608979
20 000011111112222223333444550000 112323546784567834657568685876 234456478996789397598899709769
21 000011111112222223333444550000 112323546784567384657567685876 234456478996793899589988709769
22 000011111112222223333444550000 112323546784567834657568685876 234456478996798397589989709769 
23 000011111112222223333444550000 112323546784567834657568685876 234456478996798398579979809769 
24 000011111112222223333444550000 112323546784567834675578685867 234456478996798399758689909679
25 000011111112222223333444500005 112323546784567834675567856786 234456478996798399758988067999
26 000011111112222223333444550000 112323546784567384675567765687 234456478996873998958998609879
27 000011111112222223333444550000 112323546784567834657568675786 234456478996879397598899709869 
28 000011111112222223333444500005 112323546784567834675567756786 234456478996879398759998069898 
29 000011111112222223333444550000 112323546784567384657567675786 234456478996973899589898709869 
30 000011111112222223333444550000 112323546784567834657567675768 234456478996978398579998808699 
31 000011111112222223333444550000 112323546784568734675568765687 234456478996987398958979608979 
32 000011111112222223333444550000 112323546784576384875586765687 234456478997863998759969608979 
33 000011111112222223333444500005 112323546784576834675568656877 234456478997869398759699098798 
34 000011111112222223333444550000 112323546784573684785576765687 234456478998736999859869609879 
35 000011111112222223333444500005 112323546784576834657586656787 234456478998769397589969097898 
36 000011111112222223333444550000 112323546784576834657568785867 234456478998769397598699809679 
37 000011111112222223333444500005 112323546784576834685568656877 234456478998769397759699098798 
38 000011111112233222333444550000 112323546784546367785568675786 234456478998872979859699709869 
39 000011111112233333222444500005 112323546784546587376576656787 234456478998895872969968079899 
40 000011111112222223333444550000 112323546784586374758567685876 234456478998963799589698709769
41 000011111112222223333444500005 112323546784586734657567857687 234456478998967399588698076999 
42 000011111112222223333444500005 112323546784586734657576656787 234456478998967399588869079899 
43 000011111112222223333444550000 112323546784587364758576765687 234456478998973699589869609879 
44 000011222222333344441111550000 112323456378456767584876865678 234455673899789985919769609789 
45 000011222222333344411114550000 112323456378456765747868685867 234455673899799858198699709679 
46 000011222222333344111144550000 112323456378456767476885765687 234455673899799881968959608979 
47 000011222222333344441111550000 112323456378456767584867865678 234455673899799895819679609789 
48 000011222222333344441111550000 112323456378456765874768685876 234455673899879959719689809769 
49 000011222222333344411114550000 112323456378456765747868685876 234455673899897957198699809769 
50 000011222222333344111144550000 112323456378458768476875685876 234455673899967981769959809769 
51 000011222222333344441111550000 112323456378456765874768685867 234455673899979858719689909679 
52 000011223332223341111444550000 112323454573788664678785675786 234455667829896918799959709869 
53 000011223332223341111444550000 112323454573788664687758685867 234455667829896918979599709679 
54 000011223332223345000055441111 112323454573788666567878584867 234455667829896970798994919679
55 000011223332223344441111500005 112323454573788667584867656787 234455667829896995819679097899
56 000111111122222233333444000005 112234567834567856784587476856 233456789965798987949670968599
57 000111111122222233333444005500 112234567834567856784567478656 233456789965798987949970886099
58 000111111122222233333440000045 112234567834567856784584768576 233456789965798997849607695998
59 000111111122222233333444005005 112234567834567856784567478566 233456789965798997849870990689
60 000111111122222233333444000005 112234567834568756748578486756 233456789965897987499680967599
61 000111111122222233333444000005 112234567834568756748568487656 233456789965897997489790976598
62 000111111122222233333444000005 112234567834568756748567478656 233456789965897997489890986597
63 000111111122222233333444000005 112234567834568756748568487566 233456789965897997489970975698
64 000111111122222233333440000045 112234567834567856784584768576 233456789965978979849607695998
65 000111111122222233333444000005 112234567834567856847568487656 233456789965978989479790976598
66 000111111122222233333444000005 112234567834567856847567478656 233456789965978989479890986597 
67 000111111122222233333444000005 112234567834567856847568487566 233456789965978989479970975698 
68 000111111122222233333444000005 112234567834567856847567478566 233456789965978989479980985697 
69 000111111122222233333444000006 112234567834657856784657476857 233456789967589979849590869598 
70 000111111122222233333444000005 112234567834657856784685457866 233456789967589997849750978699 
71 000111111122222233333444000005 112234567834657856784675458766 233456789967589997849850987699 
72 000111111122222233333440000045 112234567834657856784674578656 233456789967589997849905986987 
73 000111111122222233333444000005 112234567834657854687568485766 233456789967598948979970957698 
74 000111111122222233333444000006 112234567834657856784657476857 233456789967598979849580968599 
75 000111111122222233333444000005 112234567834657856784675458766 233456789967598987949950897698 
76 000111111122222233333444000006 112234567834657856847658485767 233456789967598989479590957698 
77 000111111122222233333444000006 112234567834657856874658486757 233456789967598989749580967599
78 000111111122222233333444000006 112234567834657856784657475867 233456789967598997849580958699 
79 000111111122222233333440000045 112234567834675856784654587676 233456789967859987949509876989 
80 000111111122222233333444000006 112234567834675856874658487657 233456789967859989749580976599 
81 000111111122222233333444000006 112234567834675856784657478567 233456789967859997849580985699 
82 000111111122222233333440000045 112234567834678556874654587686 233456789967895989749508976997 
83 000111111122222233333440000045 112234567834678556784674567856 233456789967895997849905698987 
84 000111111122222233333440000045 112234567834675856784654587676 233456789967958997849508976998
85 000111111122222233333440000045 112234567834675856784654586776 233456789967958997849509867989 
86 000111111122222233333444000006 112234567834675856784657478657 233456789967958997849580986599
87 000111111122222233333444000006 112234567834675856784657478567 233456789967958997849590895698 
88 000111111122222233333444000005 112234567834675856784685456876 233456789967958997849750968799 
89 000111111122222233333444000006 112234567834675856874658487657 233456789967958998749580976599
90 000111111122222233333440000045 112234567834678554687574768586 233456789967985948979609685997 
91 000111111122222233333440000045 112234567834678554687574768586 233456789967985949879608695997
92 000111111122222233333444000006 112234567834678556748658487657 233456789967985978499580976599
93 000111111122222233333444000006 112234567834678556748658485677 233456789967985979489590956798 
94 000111111122222233333440000045 112234567834678556748684568756 233456789967985987499805697997
95 000111111122222233333444000006 112234567834678556784658487658 233456789967985987949570976599 
96 000111111122222233333444000006 112234567834678556784657475687 233456789967985987949590856998 
97 000111111122222233333440000045 112234567834678556784674567856 233456789967985987949805698997 
98 000111111122222233333440000045 112234567834678556874654586786 233456789967985989749508967997
99 000111111122222233333444000005 112234567834678556748685456876 233456789967985997489950968797 
100 000111111122222233333440000045 112234567834678556784654578686 233456789967985997849507896997 
101 000111111122222233333440000045 112234567834678556784654576876 233456789967985997849508769998 
102 000111111122222233333444000006 112234567834678556784657475687 233456789967985997849580956899 
103 000111111122222233333440000045 112234567834678556784674567856 233456789967985997849905689987 
104 000111111122222233333444000005 112234567834678556784675456786 233456789967985997849950867998 
105 000111111122222233333440000045 112234567834678556847654587686 233456789967985998479509876997 
106 000111111122222233333444000006 112234567834657856874657476857 233456789968579989749590869598 
107 000111111122222233333444000005 112234567834658754678567476856 233456789968597947989890968597 
108 000111111122222233333444000005 112234567834658754678568485766 233456789968597947989970957698
109 000111111122222233333440000045 112234567834658756748674578656 233456789968597987499905986987 
110 000111111122222233333444000005 112234567834658756748675458766 233456789968597987499950897698 
111 000111111122222233333440000045 112234567834658756874684576856 233456789968597989749705769998 
112 000111111122222233333440000045 112234567834658756874674576856 233456789968597989749905968987 
113 000111111122222233333444000006 112234567834675856847657478567 233456789968759989479590985698 
114 000111111122222233333440000045 112234567834675856874654587676 233456789968759989749508976998 
115 000111111122222233333440000045 112234567834675856874654586776 233456789968759989749509867989 
116 000111111122222233333444000006 112234567834675856874657478657 233456789968759989749580986599 
117 000111111122222233333444000006 112234567834675856874657478567 233456789968759989749590895698 
118 000111111122222233333440000045 112234567834675856874684568756 233456789968759989749705697998 
119 000111111122222233333444000005 112234567834675856874685456876 233456789968759989749750968799 
120 000111111122222233333444000006 112234567834675856874657478567 233456789968759998749580985699 
121 000111111122222233333440000045 112234567834678556748654587676 233456789968795978499509876989 
122 000111111122222233333444000006 112234567834678556748657478567 233456789968795979489590985698 
123 000111111122222233333440000045 112234567834678556874654578686 233456789968795989749507986997 
124 000111111122222233333444000006 112234567834678556874657475687 233456789968795989749590856998
125 000111111122222233333440000045 112234567834678556874674567856 233456789968795998749905698987 
126 000111111122222233333444000006 112234567834685756874657476587 233456789968957989749590865998 
127 000111111122222233333444000006 112234567834685756748657478567 233456789968957997489590985698 
128 000111111122222233333444000005 112234567834685756874685456786 233456789968957998749750967899 
129 000111111122222233333440000045 112234567834687556748654586776 233456789968975987499509867989 
130 000111111122222233333444000006 112234567834687556748657478657 233456789968975987499580986599 
131 000111111122222233333444000006 112234567834687556748657478567 233456789968975987499590895698 
132 000111111122222233333440000045 112234567834687556784674567856 233456789968975987949705698998 
133 000111111122222233333444000006 112234567834687556847657476587 233456789968975989479590965898 
134 000111111122222233333440000045 112234567834687556748654587676 233456789968975997489509876998 
135 000111111122222233333440000045 112234567834687556784654576876 233456789968975997849507869998 
136 000111111122222233333444000006 112234567834687556874657476587 233456789968975998749580965899 
137 000111111122222233333440000045 112234567834658756748674578656 233456789969587997489905986987 
138 000111111122222233333440000045 112234567834675856847654587676 233456789969758998479509876989
139 000111111122222233333440000045 112234567834678556847654578686 233456789969785989479507986997 
140 000111111122222233333440000045 112234567834678556847674567856 233456789969785989479805698997
141 000111111122222233333440000045 112234567834678556847674567856 233456789969785998479905698987
142 000111111122222233333444000006 112234567834678556874657475687 233456789969785998749580856999
143 000111111122222233333440045600 112234567834687556748654576767 233456789969875987499508889099 
144 000111111122222233333440000045 112234567834687556784654576876 233456789969875987949507869989
145 000111111122222233333444000006 112234567834687556874657476587 233456789969875989749580865999
146 000111111122222233333444000006 112234567834687556748657478567 233456789969875997489580985699 
147 000111111122222233333440045600 112234567834875658674654578767 233456789989756996749508889099 
148 000111122222233333400000446711 112234534758657648847856757878 233456678596986499079569598199
149 000111122222233333444000006711 112234534758657648857478657878 233456678596986499570986599199
150 000111122222233333500000446711 112234534758657846656748757878 233456678596989469087499598199 
151 000111122222233333440000045711 112234534758657864874576856878 233456678596989649705869997199 
152 000111122222233333554000004711 112234534758657648675458767878 233456678596996489840987699199
153 000111122222233333444000006711 112234534758657864857476587878 233456678596998649570965899199 
154 000111122222233333440000045711 112234534756857486684586757878 233456678569984969705967998199 
155 000111122222233333444005600711 112234534756857486685457767878 233456678569984969750999088199
156 000111122222233333400000446711 112234534756857684646785757878 233456678569986949078959598199 
157 000111122222233333400000446711 112234534756857864847685757878 233456678569989649076959598199 
158 000111122222233333440045600711 112234534768557864874556868878 233456678695989649705797099199
159 000111122222233333444000005711 112234534578657648578486756878 233456675896986499780967599199
160 000111122222233333440000045711 112234534578657684564675876878 233456675896986949907859987199
161 000111122222233333440000045711 112234534578657486564678586878 233456675896994869709785997199 
162 000111122222233333440000045711 112234534578657684564678586878 233456675896996849707985997199 
163 000111122222233333440000045711 112234534578657684564675876878 233456675896996849709758989199 
164 000111122222233333444000005711 112234534578657684568487568878 233456675896996849770975699199
165 000111122222233333444000005711 112234534578657684567476587878 233456675896996849790865998199
166 000111122222233333440000045711 112234534578657684564675876878 233456675896996849907958987199
167 000111122222233333444000005711 112234534578657684567475687878 233456675896996849970856998199 
168 000111122222233333444000005711 112234534576856784567476857878 233456675869969849780968599199 
169 000111122222233333444000005711 112234534576857486568487657878 233456675869984969780976599199
170 000111122222233333440045500711 112234534576857486564676757878 233456675869984969908887099199
171 000111122222233333444000005711 112234534576857864578486756878 233456675869989649780967599199 
172 000111122222233333455000004711 112234534576857864567574867878 233456675869989649970948698199
173 000111122222233333440000045711 112234534576857486564687576878 233456675869994869809875997199 
174 000111122222233333440000045711 112234534576857486564685776878 233456675869994869909857987199
175 000111122222233333440000045711 112234534576857684564685776878 112234534675856874684556767878
176 000111122222233333444000005711 112234534576857846578486756878 233456675869998469790967598199
177 000111122222233333440000045711 112234534576857864584758676878 233456675869998649807596997199
178 000111122222233443344000005711 112234534576857564687475866878 233456675869999938870958697199
179 000111122222233333444000006711 112234534675856784857476857878 233456676859969849570968599199 
180 000111122222233333455400000711 112234534675857486768545876878 112234534656784675457866858878 
181 000111122222233333444000005711 112234534675857684875458676878 233456676859986949750986799199 
182 000111122222233333440000045711 112234534678556784684576856878 233456667895979849705769998199 
183 000111122222233333444000005711 112234534678556784685457686878 233456667895979849750976899199 
184 000111122222233333440000045711 112234534678556874684576856878 233456667895989749805769997199
185 000111122222233333444000006711 112234534675856784657476857878 233456667859979849580968599199
186 000111122222233333444000005711 112234534675856784675458766878 233456667859987949850987699199 
187 000111122222233333455000004711 112234534675856847668548765878 233456667859989479870497699199 
188 000111122222233333444005600711 112234534675856847685456767878 233456667859989479950997088199 
189 000111122222233333440045600711 233456675869996849709857989199 233456667859989749805897099199 
190 000111122222233333455400000711 112234534675856874668545867878 233456667859989749974089679199 
191 000111122222233333444000006711 112234534675856874658485767878 233456667859998749580957699199 
192 000111122233333455000004522711 112234534656847667547865858878 233456667789479870498699299199 
193 000111122233333440000045522711 112234534656874684578656858878 233456667789749805796997299199 
194 000111122233333444000005522711 233456676859984969974089769199 233456667787949850978699299199 
195 000111122233333444000005522711 112234534656784675458766858878 233456667778949850987699299199 
196 000111122233333444000005522711 112234534656784675458766858878 233456667778949950897698299199 
197 000111222222333334400000456111 112234346785567845646785867678 233455678959789496079859971989 
198 000111222222333334400000456111 112234346785567845646758767678 233455678959789496097589891989 
199 000111222222333334400000456111 112234346785567845746578667678 233455678959789498065989971989
200 000111222222333334400000456111 112234346785567845646785867678 233455678959798496079859971899 
201 000111222222333334400000456111 112234346785567845646758767678 233455678959798496087599981989 
202 000111222222333334400000456111 112234346785567845646758767678 233455678959798496097589891899 
203 000111222222333334400000456111 112234346785567845746578667678 233455678959798498065989971899 
204 000111222222333334440000056111 112234346785567845764657867678 233455678959798498609578991899 
205 000111222222333334400000456111 112234346785567485646875868687 233455678959874996089759971979 
206 000111222222333334400000456111 112234346785568745646875867678 233455678959897496089759971899 
207 000111222222333334440050056111 112234346785568745684865677678 233455678959897496809907791989 
208 000111222222333334640000056111 112234346785568745864657867678 233455678959897499408579971989 
209 000111222222333334440000056111 112234346758567845764658767678 233455678599789498609587991989 
210 000111222222333334400000456111 112234346758567845646785767678 233455678599798496087959981989 
211 000111222222333334440000056111 112234346758567845684856788687 233455678599798496709567991979 
212 000111222222333334440000056111 112234346758567845764658767678 233455678599798498609587991899 
213 000111222222333334400000456111 112234346758567485846587668687 233455678599874998065979971979
214 000111222222333334400000456111 112234346758567845646785868687 233455678599879496079859971979
215 000111222222333334400000456111 112234346758567845646875767678 233455678599879496089759981989 
216 000111222222333334400000456111 112234346758567845646758768687 233455678599879496097589891979 
217 000111222222333334400000456111 112234346758567845646857767678 233455678599879496098579891989 
218 000111222222333334400000456111 112234346758568475646785868687 233455678599894796097859971979 
219 000111222222333334440000056111 112234346758568475684876577678 233455678599894796909765981899 
220 000111222222333334440000056111 112234346758568475864658767678 233455678599894799609587971989 
221 000111222222333334400000456111 112234346758568745646785868687 233455678599897496087959971979 
222 000111222222333334440000056111 112234346758568745684856777678 233455678599897496809567991989 
223 000111222222333334400000456111 112234346758568745846587667678 233455678599897498065979971899
224 000111222222333334440000056111 112234346758567485684856778687 233455678599974896909567981979
225 000111222222333334440000056111 112234346758568475684856777678 233455678599984796909567981989 
226 000111222222333334550000046111 112234346758568475765648767678 233455678599984798608497991989
227 000111222222333334440000056111 112234346578564785684867568687 233455675899749898709675991979 
228 000111222222334550000044336111 112234346578565685876468488687 233455675899777909764983991979 
229 000111222222334440000043356111 112234346578565764687584868687 233455675899778609875939991979 
230 000111222222334440000043356111 112234346578565764687584868687 233455675899779608975939981979 
231 000111222222333334440000056111 112234346578567845864678567678 233455675899789497609785991989 
232 000111222222333334440000056111 112234346578567845764687567678 233455675899789498609875991989
233 000111222222333334400000456111 112234346578567845746785667678 233455675899789499069859871989 
234 000111222222333334440000056111 112234346578567485864678568687 233455675899794899609785971979
235 000111222222333334440000056111 112234346578567845684867588687 233455675899798496709675991979 
236 000111222222333334440000056111 112234346578567845674768577678 233455675899798496809685991989
237 000111222222333334440000056111 112234346578567845864678567678 233455675899798497609785991899 
238 000111222222333334440000056111 112234346578567845764687567678 233455675899798498609875991899
239 000111222222333334400000456111 112234346578567845746785667678 233455675899798499068959871989 
240 000111222222333334400000456111 112234346578567845746785667678 233455675899798499069859871899 
241 000111222222333334440000056111 112234346578567845764675868687 233455675899798499608759981979
242 000111222222333334440055006111 112234346578567845764667577678 233455675899798499608880991989
243 000111222222333334440000056111 112234346578564875684867567678 233455675899849797809675991989 
244 000111222222333334440000056111 112234346578564875674758667678 233455675899849799808596971989 
245 000111222222333334440000056111 112234346578567845864687567678 233455675899879497609875991989 
246 000111222222333334440000056111 112234346578568475864687567678 233455675899894799609875971989 
247 000111222222333334440000056111 112234346578568745684867577678 233455675899897496809675991989 
248 000111222222333334550000046111 112234346578568745675764868687 233455675899897499709648981979 
249 000111222222333334550000046111 112234346578568745675784667678 233455675899897499709846981899
250 000111222222333334440000056111 112234346578564875684867567678 233455675899948797909675981989
251 000111222222333334440000056111 112234346578567485684867578687 233455675899974896909675981979
252 000111222222333334550000046111 112234346578567485675786468687 233455675899974898709864991979
253 000111222222333334440055006111 112234346578567485864667578687 233455675899974899609970881979 
254 000111222222333334440000056111 112234346578567845674758677678 233455675899978496809586991989 
255 000111222222333334440000056111 112234346578567845674758677678 233455675899978496908596981899
256 000111222222333334400000456111 112234346578567845846758668687 233455675899978497067599981979 
257 000111222222333334400455006111 112234346578567845846667577678 233455675899978497068980991989 
258 000111222222333334440000056111 112234346578567845864675868687 233455675899978497609758991979 
259 000111222222333334440000056111 112234346578567845864685767678 233455675899978497609857991989 
260 000111222222333334400000456111 112234346578567845746758668687 233455675899978498068599971979
261 000111222222333334440000056111 112234346578568475684867577678 233455675899984796909675981989 
262 000111222222333334550000046111 112234346578568475675786467678 233455675899984798709864991989 
263 000111222222333334440000056111 112234346578568745684857677678 233455675899987496809576991989 
264 000111222222333334400000456111 112234346578568745846758668687 233455675899987498067599971979 
265 000111222222333334400455006111 112234346578568745846667577678 233455675899987498068970991989 
266 000111222222334443340000056111 112234346578565674784867577678 233455675899996938809675981899 
267 000111222222334433550000046111 112234346578565747675786467678 233455675899998388709864991899 
268 000111222222334433440000056111 112234346578565747864675868687 233455675899999388609758971979 
269 000111222222334433440000056111 112234346578565747864685767678 233455675899999388609857971989 
270 000111222333334400455005226111 112234346568745646867578588687 233455677897496088970992991979 
271 000111222333334440050055226111 112234346568745684865678588687 233455677897496809907792991979 
272 000111222333334522650000046111 112234346568745858765647868687 233455677897499299507489981979 
273 000111222333334440000055226111 112234346567845864657868588687 233455677879497609578992991979 
274 000111222334400000433455226111 112234346565646875747868588687 233455677886089759399972991979 
275 000111222333334400000455226111 112234346567845646875768587678 233455677789496089759982991989 
276 000111222333334440000055226111 112234346567845674785678587678 233455677789496809856992991989 
277 000111222333334440000055226111 112234346567845764657868588687 233455677789498609578992991979 
278 000111222333334400000455226111 112234346567485846587668588687 233455677784998065979972991979 
279 000111222334400000443355226111 112234346565646875784868588687 233455677776089759939982991979
280 000111223333344000004552226111 112234345674857476858685878687 233455667849960869599729791979 
281 000111223333344400000552226111 112234345674857848576685877678 233455667849968095769929791899 
282 000111223333344400000552226111 112234345674856848567675788687 233455667849987095679929891979
283 000111223333344400000552226111 112234345674856848657685877678 233455667849987096579929791989 
284 000111223333344400000552226111 112234345674856848756685877678 233455667849987097569929791899
285 000111223333344400000552226111 112234345674856848765675788687 233455667849987097659928991979 
286 000111223333344400000552226111 112234345674856747658685878687 233455667849989086599729791979 
287 000111223333344400550052226111 112234345674856747765685877678 233455667849989088609929791899 
288 000111223333344400000552226111 112234345674856747865685877678 233455667849989089659729791989 
289 000111223333344400000552226111 112234345674856747856685877678 233455667849998089569729791989 
290 000111223345500000443352226111 112234345656757486784885877678 233455667768094869939929791989 
291 000111223344400000433552226111 112234345656747856848685877678 233455667778098569399929791899
292 000111223344400433611160055222 112234345656747848767886568587 233455667778099399198905892979 
293 000111223444000004333552226111 112234345567476858487675787678 233455666780968593979928991989 
294 000112222223333344440000051111 112233456784567865784857685876 233445678997689959809576919769 
295 000112222223333345000004451111 112233456784567866567848585876 233445678997689970798495919769 
296 000112222223333344440000051111 112233456784567865784867585876 233445678997698958909675919769 
297 000112222223333344440000051111 112233456784567865784857685867 233445678997698959809576919679 
298 000112222223333345000004451111 112233456784567866567848585876 233445678997698970789495919769 
299 000112222223333344440000051111 112233456784576865784876575786 233445678997869958909765919869 
300 000112222223333344440000051111 112233456784576865784856775786 233445678997869959809567919869 
301 000112222223333344440000051111 112233456784576865784857665687 233445678997869959809576919879
302 000112222223333344440000051111 112233456784576865784865785876 233445678997869959809657919769 
303 000112222223333344440000051111 112233456784576865784867565687 233445678997869959809675918979 
304 000112222223333344440000051111 112233456784576865784875685867 233445678997869959809756919679 
305 000112222223333345000004451111 112233456784576867567848565687 233445678997869970698495919879 
306 000112222223333344440000051111 112233456784576867584876565687 233445678997869985909765918979
307 000112222223333344440000051111 112233456784576867584876565687 233445678997869995809765919879 
308 000112222223333344500000451111 112233456784578665656784885876 233445678997896957097849919769 
309 000112222223333344440000051111 112233456784578665784857665678 233445678997896959809576919789 
310 000112222223333344440050051111 112233456784578665784865685876 233445678997896959809907719769
311 000112222223333345000004451111 112233456784578667567848565678 233445678997896970698495919789 
312 000112222223333344440000051111 112233456784578667584876565678 233445678997896995809765919789 
313 000112222223333344440000051111 112233456784576865784875685876 233445678997968958909756919769 
314 000112222223333344440000051111 112233456784576865784857665687 233445678997968959809576918979 
315 000112222223333345000004451111 112233456784576867567848565687 233445678997968970698495918979 
316 000112222223333344440000051111 112233456784576867584876565687 233445678997968995809765918979 
317 000112222223333344500000451111 112233456784578665656784885876 233445678997986957087949919769
318 000112222223333344440000051111 112233456784578665784857665678 233445678997986958909576919789 
319 000112222223333344440000051111 112233456784578665784876575768 233445678997986958909765918699
320 000112222223333344440050051111 112233456784578665784865685876 233445678997986958909907719769 
321 000112222223333344440000051111 112233456784578665784856775768 233445678997986959809567918699
322 000112222223333344440000051111 112233456784578665784857665678 233445678997986959809576918799 
323 000112222223333345005111154400 112233456784578667566568785848 233445678997986970671897949099 
324 000112222223333345000004451111 112233456784578667567848565678 233445678997986970698495918799 
325 000112222223333344440000051111 112233456784578667584856765678 233445678997986995809567919789 
326 000112222223333344440000051111 112233456784578667584876565678 233445678997986995809765918799 
327 000112222223333344500000451111 112233456784576865656874785876 233445678998769958098749919769 
328 000112222223333344440000051111 112233456784576865874768565687 233445678998769959709685918979 
329 000112222223333344440000051111 112233456784576865874785685867 233445678998769959709856919679 
330 000112222223333344440050051111 112233456784576865874765685876 233445678998769959709908819769
331 000112222223333344000004451111 112233456784576867478568565687 233445678998769970985695919879 
332 000112222223333344000004451111 112233456784576867478658565687 233445678998769970986595918979 
333 000112222223333344440000051111 112233456784578665874765885876 233445678998796959709658919769 
334 000112222223333344400000451111 112233456784586765747856885876 233445678998967957098569919769 
335 000112222223333344440000051111 112233456784586765874785675768 233445678998967959709856918699 
336 000112222223333344400000451111 112233456784587665747685865687 233445678998976957096859918979 
337 000112222223333344400000451111 112233456784587665747856885867 233445678998976957098569919679 
338 000112222223333344400450051111 112233456784587665747865685876 233445678998976957099908819769 
339 000112222223333344500000451111 112233456784587665656748785876 233445678998976958078499919769 
340 000112222223333344500000451111 112233456784587665656748775786 233445678998976958087499919869 
341 000112222223333344500000451111 112233456784587665656874775768 233445678998976958089749919689 
342 000112222223333344500000451111 112233456784587665656874775768 233445678998976958098749918699  
343 000112222223333344511115000004 112233456784587665656788586747 233445678998976958179890967499 
344 000112222223333344511115000004 112233456784587665656787574867 233445678998976958197890849699 
345 000112222223333344440000051111 112233456784587665874758665678 233445678998976959709586918799 
346 000112222223333344440000051111 112233456784587665874765875786 233445678998976959709658918969 
347 000112222223333344440050051111 112233456784587665874765675768 233445678998976959709908818699 
348 000112222223333344000004451111 112233456784587667475688565687 233445678998976970956895918979 
349 000112222223333344000004451111 112233456784587667478568565678 233445678998976970985695917899 
350 000112222223333344004451111500 112233456784587667478575678656 233445678998976970995916989088 
351 000112222223333345440000051111 112233456784587667574765865687 233445678998976984909658918979 
352 000112222223333345440000051111 112233456784587667574785665678 233445678998976984909856918799 
353 000112222223333344440000051111 112233456784587668574765865687 233445678998976995709658919879 
354 000112222223333344440000051111 112233456784587668574786565678 233445678998976995709865918799 
355 000112222223333344440050051111 112233456784587668574785665678 233445678998976995709906819789 
356 000112222223333344500000451111 112233456784576865656847785876 233445678999768959089479819769
357 000112222223333344500000451111 112233456784586765656748785876 233445678999867959079489819769
358 000112222223333345440061111500 112233456784586767574776578656 233445678999867994808815989099 
359 000112223333344500000451111722 112233454578665757684885876878 233445667896957096849919769299 
360 000112223333344440000051111722 112233454578665784857675768878 233445667896959809576919689299 
361 000112223333344440000051111722 112233454578665784867575768878 233445667896959809675918699299 
362 000112223333345005111154400722 112233454578666567578685848878 233445667896970771986949099299 
363 000112223333345000004451111722 112233454578666567848575768878 233445667896970798495919689299 
364 000112223333345111150000044722 112233454578666567875768485878 233445667896971798909684959299 
365 000112223333344440000051111722 112233454578667584876575768878 233445667896985909765918699299 
366 000112223333344440050051111722 112233454578667584865685876878 233445667896985909907719769299 
367 000112223333344440000051111722 112233454578667584867565678878 233445667896995809675919789299 
368 000112223333344440000051111722 112233454578667584876575768878 233445667896995809765919689299
369 000112223333344440000051111722 112233454576865784867575786878 233445667869958909675919869299 
370 000112223333344440000051111722 112233454576865784867575786878 233445667869959809675918969299 
371 000112223333345000004451111722 112233454576866567848575786878 233445667869970789495919869299 
372 000112223333344440000051111722 112233454576867584856775786878 233445667869985909567919869299 
373 000112223333344440000051111722 112233454576867584857665687878 233445667869985909576919879299 
374 000112223333344440000051111722 112233454576867584865785876878 233445667869985909657919769299 
375 000112223333344440000051111722 112233454576867584875685867878 233445667869985909756919679299 
376 000112223333344440000051111722 112233454576867584876575786878 233445667869985909765918969299
377 000112223333346000004451111722 112233454567867675848575786878 233445667689970958495919869299 
378 000112223333344440000051111722 112233454567867584857685876878 233445667689985909576919769299 
379 000112223333344440000051111722 112233454567867584867585876878 233445667689995809675919769299 
380 000112223344440000051111633722 112233454565784867585876868878 233445667758909675919769399299 
381 000112223345000004451111633722 112233454566567848585876868878 233445667770789495919769399299 
382 000112223333344440000051111722 112233454578667584857665678878 233445667896985909576919789299 
383 000112223333344440000051111722 112233454576867584867565687878 233445667869995809675919879299 
384 000000111122233345000711142223 112345237647557466778845453636 234566786885874878899959996999 
385 000111222222333334555777000668 112234346785568475770068684141 233455678959984798066811499999 
386 000000111111122222233334450007 112345235748645837658647567788 234566578496989376996495878999 
387 000011111112223334445500002223 112323546784564655686757863377 234456478996999598797089697888 
388 000011222333411114445500002223 112323456456646877856757863388 234455677767189799598098698999 
389 000111111122222233333456000004 112234567834657856874667674455 233456789969578998749790995888 
390 000111122222233333444000001117 112234534758657684657476857788 233456678596986949570968598999 
391 000111122222233333456007110004 112234534675856874667678784455 233456667859998749970991995888 
392 000111222222333334550061110004 112234346578568745675776784466 233455675899897499709919896888 
393 000111222333334440000061112225 112234346567845684875686875588 233455677789496709756919798999 
394 000112222223333344500511110004 112233456784586765656757684477 233445678999867959099186997888