1 000000000111111122222333344577 112234456223455633456445656688 376785989479869859898678779799
2 000000000111111122222333344577 112234456223455633456445656688 376795898479869858989678779799
3 000000000111111122222333344577 112234456223455633456445656688 376785989478869959988679778799
4 000000000111111122222333344577 112234456223455633456445656688 376785899478968959988679778799
5 000000000111111122222333344577 112234456223455633456445656688 376785989479968858899679778799
6 000000000111111122222333344577 112234456223455633456445656688 376785998479868958989679778799
7 000000000111111122222333344577 112234456223455633456445656688 376785899479968858989679778799
8 000000000111111122222333344577 112234456223455633456445656688 376785989479868958998679778799
9 000000000111111122222333344577 112234456223455633456445656688 376975898497869858787698979799
10 000000000111111122222333344577 112234456223455633456445656688 376875989487869959797698878799
11 000000000111111122222333344577 112234456223455633456445656688 376875899487968959797698878799
12 000000000111111122222333344577 112234456223455633456445656688 376875998497868958797698978799
13 000000000111111122222333344577 112234456223455633456445656688 376895987479869857899678879799
14 000000000111111122222333344577 112234456223455633456445656688 376895987478969857899678978799
15 000000000111111122222333344577 112234456223455633456445656688 376895978479868957899678897799
16 000000000111111122222333344577 112234456223455633456445656688 376895978478968957899679887799
17 000000000111111122222333344577 112234456223455633456445656688 376885979479968857899679887799
18 000000000111111122222333344577 112234456223455633456445656688 376895978478869957989679887799
19 000000000111111122222333344577 112234456223455633456445656688 376895879478968957998679887799
20 000000000111111122222333344577 112234456223455633456445656688 376895978479869857989688777999
21 000000000111111122222333344577 112234456223455633456445656688 376895879479968857998688777999
22 000000000111111122222333344577 112234456223455633456445656688 376895879478968957998689777899
23 000000000111111122222233334477 112345566234456633456644555588 234997788598897778789967686999
24 000000000111111122222233334477 112345566234456633456644555588 234997788588997778789967696899
25 000000000111111122222233334477 112345566234456633456644555588 234897789598897779788967686999
26 000000000111111122222233334477 112345566234456633456644555588 234897789598987778798967696899
27 000000000111111122222233334477 112345566234456633456644555588 234897789588997779788967696899
28 000000000111111122222233334477 112345566234456633456644555588 234897789578897999787867686999
29 000000000111111122222233334477 112345566234456633456644555588 234897789578987989797867696899
30 000000000111111122222233334477 112345566234456633456644555588 234897789578997889787967696899
31 000000000111111122222233334477 112345566234456633456644555588 234997788587987978897967696899
32 000000000111111122222233334477 112345566234456633456644555588 234997788587897978987967696899
33 000000000111111122222233334477 112345566234456633456644555588 234987789587987979897867686999
34 000000000111111122222233334477 112345566234456633456644555588 234897789597887978997867696899
35 000000000111111122222233334477 112345566234456633456644555588 234897789587897979987867696899
36 000000000111111122222233334477 112345566234456633456644555588 234897789597987878897967696899
37 000000000111111122222233334477 112345566234456633456644555588 234897789597887979897867686999
38 000000000111111122222233334477 112345566234456633456644555588 234897789597897879887967686999
39 000000000111111122222233334477 112345566234456633456644555588 234898977578978979788968696799
40 000000000111111122222233334477 112345566234456633456644555588 234988977577998878879969686799
41 000000000111111122222233334477 112345566234456633456644555588 234898977577898979878969686799
42 000000000111111122222233334477 112345566234456633456644555588 234898977577988979878968696799
43 000000000111111122222233334477 112345566234456633456644555588 234898977578978989778967696899
44 000000000111111122222233334477 112345566234456633456644555588 234988977597978878879967686999
45 000000000111111122222233334477 112345566234456633456644555588 234898977597878979878967686999
46 000000000111111122222233334477 112345566234456633456644555588 234898977587978979878967696899
47 000000000111111122222233334477 112345566234456633456644555588 234778989598977889877967686999
48 000000000111111122222233334477 112345566234456633456644555588 234787989597987889787968676999
49 000000000111111122222233334477 112345566234456633456644555588 234787989587987989797869676899
50 000000000111111122222233334477 112345566234456633456644555588 234787989587997889787969676899
51 000000000111111122222233334477 112345566234456633456644555588 234788979577988989977868696799
52 000000000111111122222233334477 112345566234456633456644555588 234788979578978989797869686799
53 000000000111111122222233334477 112345566234456633456644555588 234788979597897878978969686799
54 000000000111111122222233334477 112345566234456633456644555588 234788979597987878978968696799
55 000000000111111122222233334477 112334566234556634455644565588 249588977398778976788979686999
56 000000000111111122222233334477 112334566234556634455644565588 248599877398778976789978686999
57 000000000111111122222233334477 112334566234556634455644565588 248598977389778976789979686899
58 000000000111111122222233334477 112334566234556634455644565588 248589977398778976789979686899
59 000000000111111122222233334477 112334566234556634455644565588 248599877377998886977978696899
60 000000000111111122222233334477 112334566234556634455644565588 248598977377898986977979686899
61 000000000111111122222233334477 112334566234556634455644565588 248589977377898996877979686899
62 000000000111111122222233334477 112334566234556634455644565588 248599877379798876789988696799
63 000000000111111122222233334477 112334566234556634455644565588 249588977378798976788999686799
64 000000000111111122222233334477 112334566234556634455644565588 248599877378798976789989686799
65 000000000111111122222233334477 112334566234556634455644565588 248598977379788976789989686799
66 000000000111111122222233334477 112334566234556634455644565588 248599877377998876978988696799
67 000000000111111122222233334477 112334566234556634455644565588 249589877377998876878989696799
68 000000000111111122222233334477 112334566234556634455644565588 248599877377898976979888696799
69 000000000111111122222233334477 112334566234556634455644565588 249588977377898976978889696799
70 000000000111111122222233334477 112334566234556634455644565588 248598977377898976978989686799
71 000000000111111122222233334477 112334566234556634455644565588 248599877379798886779978696899
72 000000000111111122222233334477 112334566234556634455644565588 248589977379798896778978696899
73 000000000111111122222233334477 112334566234556634455644565588 249588977379798886778979696899
74 000000000111111122222233334477 112334566234556634455644565588 248599877378798996778978686999
75 000000000111111122222233334477 112334566234556634455644565588 249588977379788996778878696999
76 000000000111111122222233334477 112334566234556634455644565588 248598977379788986779979686899
77 000000000111111122222233334477 112334566234556634455644565588 248598977379788996778978686999
78 000000000111111122222233334477 112334566234556634455644565588 248589977378798996778979686899
79 000000000111111122222233334477 112334566234556634455644565588 248589977379788996779878696899
80 000000000111111122222233334477 112334566234556634455644565588 248589977397798876978978696899
81 000000000111111122222233334477 112334566234556634455644565588 249589877397798876878978696999
82 000000000111111122222233334477 112334566234556634455644565588 249588977397788976978878696999
83 000000000111111122222233334477 112334566234556634455644565588 248598977387798976978979686899
84 000000000111111122222233334477 112334566234556634455644565588 249598877387798976878979686999
85 000000000111111122222233334477 112334566234556634455644565588 248599877397788976879978686999
86 000000000111111122222233334477 112334566234556634455644565588 248589977397788976879979686899
87 000000000111111122222233334477 112334566234556634455644565588 248598977397788976978978686999
88 000000000111111122222233334477 112334566234556634455644565588 248599877387798976979878696899
89 000000000111111122222233334477 112334566234556634455644565588 247598789399887786879977686999
90 000000000111111122222233334477 112334566234556634455644565588 247589789398897796878977686999
91 000000000111111122222233334477 112334566234556634455644565588 247589789398897786979877696899
92 000000000111111122222233334477 112334566234556634455644565588 247589789389897796879877696899
93 000000000111111122222233334477 112334566234556634455644565588 247589789398897776889979686799
94 000000000111111122222233334477 112334566234556634455644565588 247578989399887786979878696799
95 000000000111111122222233334477 112334566234556634455644565588 247578989398897786978979686799
96 000000000111111122222233334477 112334566234556634455644565588 247578989389897796878979686799
97 000000000111111122222233334477 112334566234556634455644565588 247578989389897796978878696799
98 000000000111111122222233334477 112334566234556634455644565588 248579789398897776789989686799
99 000000000111111122222233334477 112334566234556634455644565588 248577989398897776978989686799
100 000000000111111122222233334477 112334566234556634455644565588 248579789389897796779878696899
101 000000000111111122222233334477 112334566234556634455644565588 248579789398897786779979686899
102 000000000111111122222233334477 112334566234556634455644565588 248579789398897796778978686999
103 000000000111111122222233334477 112334566234556634455644565588 248597789389897776979878696899
104 000000000111111122222233334477 112334566234556634455644565588 248597789389897776879979686899
105 000000000111111122222233334477 112334566234556634455644565588 248597789398897776978978686999
106 000000000111111122222233334477 112334566234556634455644565588 247589978398787996878977686999
107 000000000111111122222233334477 112334566234556634455644565588 247598879389797896878977686999
108 000000000111111122222233334477 112334566234556634455644565588 247589978388797996978877696899
109 000000000111111122222233334477 112334566234556634455644565588 247589978389787996879877696899
110 000000000111111122222233334477 112334566234556634455644565588 247589879389797896879877696899
111 000000000111111122222233334477 112334566234556634455644565588 247588979389797896978877696899
112 000000000111111122222233334477 112334566234556634455644565588 247589978399787886879977696899
113 000000000111111122222233334477 112334566234556634455644565588 247589978398797886978977696899
114 000000000111111122222233334477 112334566234556634455644565588 247588979398787996978877686999
115 000000000111111122222233334477 112334566234556634455644565588 247589789398787996889777686999
116 000000000111111122222233334477 112334566234556634455644565588 247589789398797886989777696899
117 000000000111111122222233334477 112334566234556634455644565588 247589789387897996879879676899
118 000000000111111122222233334477 112334566234556634455644565588 247589789397897886879979676899
119 000000000111111122222233334477 112334566234556634455644565588 247589789397897896878978676999
120 000000000111111122222233334477 112334566234556634455644565588 248577989398787986979779686899
121 000000000111111122222233334477 112334566234556634455644565588 249577889399787886879778696999
122 000000000111111122222233334477 112334566234556634455644565588 248577989399787886979778696899
123 000000000111111122222233334477 112334566234556634455644565588 248577989389787996879779686899
124 000000000111111122222233334477 112334566234556634455644565588 248577989398787996978778686999
125 000000000111111122222233334477 112334566234556634455644565588 248577989389797896978778696899
126 000000000111111122222233334477 112334566234556634455644565588 248579978397788986779989676899
127 000000000111111122222233334477 112334566234556634455644565588 248579978387798996778989676899
128 000000000111111122222233334477 112334566234556634455644565588 248579879387798996779889676899
129 000000000111111122222233334477 112334566234556634455644565588 248597789378897976989789686799
130 000000000111111122222233334477 112334566234556634455644565588 248599778377898986979778696899
131 000000000111111122222233334477 112334566234556634455644565588 248598779377898986979779686899
132 000000000111111122222233334477 112334566234556634455644565588 248589779377898996879779686899
133 000000000111111122222233334477 112334566234556634455644565588 247589789378897996789889676799
134 000000000111111122222233334477 112334566234556634455644565588 247587989379897896878989676799
135 000000000111111122222233334477 112334566234556634455644565588 248597789379897886779989676899
136 000000000111111122222233334477 112334566234556634455644565588 247589879398797876989878696799
137 000000000111111122222233334477 112334566234556634455644565588 247589978399787876889978696799
138 000000000111111122222233334477 112334566234556634455644565588 247589879398797876889979686799
139 000000000111111122222233334477 112334566234556634455644565588 247588979398787976989879686799
140 000000000111111122222233334477 112334566234556634455644565588 247589789397897876889989676799
141 000000000111111122222233334477 112334566234556634455644565588 247587989398787976989889676799
142 000000000111111122222233334477 112334566234556634455644565588 247589789388797996789879676899
143 000000000111111122222233334477 112334566234556634455644565588 247589789398797886789979676899
144 000000000111111122222233334477 112334566234556634455644565588 247589789398787996789878676999
145 000000000111111122222233334477 112334566234556634455644565588 247589879378798996789889676799
146 000000000111111122222233334477 112334566234556634455644565588 247578989389787996789889676799
147 000000000111111122222233334477 112334566234556634455644565588 247589879387798996879879676899
148 000000000111111122222233334477 112334566234556634455644565588 247589978397788986879979676899
149 000000000111111122222233334477 112334566234556634455644565588 247588979397788986979879676899
150 000000000111111122222233334477 112334566234556634455644565588 247589879397788996879878676999
151 000000000111111122222233334477 112334566234556634455644565588 247589978377898996878989676799
152 000000000111111122222233334477 112334566234556634455644565588 247589879377898996879889676799
153 000000000111111122222233334477 112334566234556634455644565588 247589789379897896889778696799
154 000000000111111122222233334477 112334566234556634455644565588 247589789377898996889789676799
155 000000000111111122222233334477 112334556234556634455644565688 248798679399887787769956789899
156 000000000111111122222233334477 112334556234556634455644565688 249798678389897787768956799899
157 000000000111111122222233334477 112334556234556634455644565688 248789679398897797768956789899
158 000000000111111122222233334477 112334556234556634455644565688 247997688389897778869956787999
159 000000000111111122222233334477 112334556234556634455644565688 247897698398897778968956787999
160 000000000111111122222233334477 112334556234556634455644565688 247897698389897778968956797899
161 000000000111111122222233334477 112334556234556634455644565688 247789698399887787869956797899
162 000000000111111122222233334477 112334556234556634455644565688 247789698398897797868956787999
163 000000000111111122222233334477 112334556234556634455644565688 247798698389897787968956797899
164 000000000111111122222233334477 112334556234556634455644565688 247788699389897797968856797899
165 000000000111111122222233334477 112334556234556634455644565688 247789698398897787968956797899
166 000000000111111122222233334477 112334556234556634455644565688 247789689398897787969856797899
167 000000000111111122222233334477 112334556234556634455644565688 247788699398897797968856787999
168 000000000111111122222233334477 112334556234556634455644565688 249789678398897777868956987999
169 000000000111111122222233334477 112334556234556634455644565688 248799678389897777869956897899
170 000000000111111122222233334477 112334556234556634455644565688 249798678389897777869856897999
171 000000000111111122222233334477 112334556234556634455644565688 248799678398897777869956887999
172 000000000111111122222233334477 112334556234556634455644565688 248798679389897777968956987899
173 000000000111111122222233334477 112334556234556634455644565688 248798679398897777969856887999
174 000000000111111122222233334477 112334556234556634455644565688 249797688389897778867956987999
175 000000000111111122222233334477 112334556234556634455644565688 248797698389897778967956897899
176 000000000111111122222233334477 112334556234556634455644565688 249787689389897778967856997899
177 000000000111111122222233334477 112334556234556634455644565688 248789697399787887769956798899
178 000000000111111122222233334477 112334556234556634455644565688 248799687388797997768956789899
179 000000000111111122222233334477 112334556234556634455644565688 249798687389797887769856798999
180 000000000111111122222233334477 112334556234556634455644565688 248789697398787997769856788999
181 000000000111111122222233334477 112334556234556634455644565688 249789687398797887768956799899
182 000000000111111122222233334477 112334556234556634455644565688 249798687398787987769856789999
183 000000000111111122222233334477 112334556234556634455644565688 248799687389797887769956798899
184 000000000111111122222233334477 112334556234556634455644565688 248799687398787987769956789899
185 000000000111111122222233334477 112334556234556634455644565688 248798697389787997768956789899
186 000000000111111122222233334477 112334556234556634455644565688 248799687388797997769856788999
187 000000000111111122222233334477 112334556234556634455644565688 249889677378798997768856978999
188 000000000111111122222233334477 112334556234556634455644565688 248899677379788987769956978899
189 000000000111111122222233334477 112334556234556634455644565688 248899677378798997768956879899
190 000000000111111122222233334477 112334556234556634455644565688 248899677378798997769856878999
191 000000000111111122222233334477 112334556234556634455644565688 247789689398797878969856897799
192 000000000111111122222233334477 112334556234556634455644565688 247798698389787978969856897799
193 000000000111111122222233334477 112334556234556634455644565688 247788699399787878969856897799
194 000000000111111122222233334477 112334556234556634455644565688 247789698398797878968956897799
195 000000000111111122222233334477 112334556234556634455644565688 247899678377898988967956978799
196 000000000111111122222233334477 112334556234556634455644565688 249798678387897987968756799899
197 000000000111111122222233334477 112334556234556634455644565688 248799678387897987969756798899
198 000000000111111122222233334477 112334556234556634455644565688 248798679397897887969756788999
199 000000000111111122222233334477 112334556234556634455644565688 248799678387897997869756788999
200 000000000111111122222233334477 112334556234556634455644565688 248798679387897997968756789899
201 000000000111111122222233334477 112334556234556634455644565688 247899687378798987969856798799
202 000000000111111122222233334477 112334556234556634455644565688 247898697379788987969856798799
203 000000000111111122222233334477 112334556234556634455644565688 247897698379788988969756798799
204 000000000111111122222233334477 112334556234556634455644565688 249897687378798987968756799899
205 000000000111111122222233334477 112334556234556634455644565688 248897697378798997968756788999
206 000000000111111122222233334477 112334556234556634455644565688 247898697379788978969856897799
207 000000000111111122222233334477 112334556234556634455644565688 247899687387798978969856798799
208 000000000111111122222233334477 112334556234556634455644565688 247897698389787978969856798799
209 000000000111111122222233334477 112334556234556634455644565688 247899687387798997869856778999
210 000000000111111122222233334477 112334556234556634455644565688 247898697387798997968856778999
211 000000000111111122222233334477 112334556234556634455644565688 247899687387798997868956779899
212 000000000111111122222233334477 112334556234556634455644565688 247899687379788987869956977899
213 000000000111111122222233334477 112334556234556634455644565688 247789689388797997968856977899
214 000000000111111122222233334477 112334556234556634455644565688 247789698389787997868956977899
215 000000000111111122222233334477 112334556234556634455644565688 247788699389787997968856977899
216 000000000111111122222233334477 112334556234556634455644565688 247789689389797897868956977899
217 000000000111111122222233334477 112334556234556634455644565688 247789689399787887869956977899
218 000000000111111122222233334477 112334556234556634455644565688 247789698398787987968956977899
219 000000000111111122222233334477 112334556234556634455644565688 247788699398797897968856877999
220 000000000111111122222233334477 112334556234556634455644565688 247899687379897887869956797899
221 000000000111111122222233334477 112334556234556634455644565688 247898697379897887968956797899
222 000000000111111122222233334477 112334556234556634455644565688 247899687378897987969856797899
223 000000000111111122222233334477 112334556234556634455644565688 247899687377898988967956977899
224 000000000111111122222233334477 112334556234556634455644565688 249689778398897777868957986999
225 000000000111111122222233334477 112334556234556634455644565688 248699778389897777869957896899
226 000000000111111122222233334477 112334556234556634455644565688 248699778398897777869957886999
227 000000000111111122222233334477 112334556234556634455644565688 248689779378897997769859876899
228 000000000111111122222233334477 112334556234556634455644565688 248699778379887977869958986799
229 000000000111111122222233334477 112334556234556634455644565688 249688779379887977869859986799
230 000000000111111122222233334477 112334556234556634455644565688 248698779379897877869959886799
231 000000000111111122222233334477 112334556234556634455644565688 248699778378897977969858896799
232 000000000111111122222233334477 112334556234556634455644565688 249688779379897877968858996799
233 000000000111111122222233334477 112334556234556634455644565688 249689778378897977868959986799
234 000000000111111122222233334477 112334556234556634455644565688 248699778379897877869958896799
235 000000000111111122222233334477 112334556234556634455644565688 248699778378897977968958986799
236 000000000111111122222233334477 112334556234556634455644565688 248698779379897877968958986799
237 000000000111111122222233334477 112334556234556634455644565688 248698779378897977969859886799
238 000000000111111122222233334477 112334556234556634455644565688 249689778377889978869759986799
239 000000000111111122222233334477 112334556234556634455644565688 249689778377898978869759896799
240 000000000111111122222233334477 112334556234556634455644565688 248698779377898978969759886799
241 000000000111111122222233334477 112334556234556634455644565688 248699778377898978969758896799
242 000000000111111122222233334477 112334556234556634455644565688 248698779379897897869757886999
243 000000000111111122222233334477 112334556234556634455644565688 249689778378897997868757986999
244 000000000111111122222233334477 112334556234556634455644565688 248699778378897987969757896899
245 000000000111111122222233334477 112334556234556634455644565688 248699778378897997869757886999
246 000000000111111122222233334477 112334556234556634455644565688 248689779379897897869757896899
247 000000000111111122222233334477 112334556234556634455644565688 248689779378897997968757986899
248 000000000111111122222233334477 112334556234556634455644565688 248699778377889987969758976899
249 000000000111111122222233334477 112334556234556634455644565688 248689779397887977969858976899
250 000000000111111122222233334477 112334556234556634455644565688 249688779397897877968858976999
251 000000000111111122222233334477 112334556234556634455644565688 248698779387897977969859876899
252 000000000111111122222233334477 112334556234556634455644565688 248699778397897877869958876999
253 000000000111111122222233334477 112334556234556634455644565688 248698779397897877969858876999
254 000000000111111122222233334477 112334556234556634455644565688 249689778397887978869757986999
255 000000000111111122222233334477 112334556234556634455644565688 249689778397897878869757896999
256 000000000111111122222233334477 112334556234556634455644565688 248679897389778997768958976899
257 000000000111111122222233334477 112334556234556634455644565688 248679897398778997769858876999
258 000000000111111122222233334477 112334556234556634455644565688 247697898389778978869959876799
259 000000000111111122222233334477 112334556234556634455644565688 247689897398778997869857876999
260 000000000111111122222233334477 112334556234556634455644565688 247689897389778997868957976899
261 000000000111111122222233334477 112334556234556634455644565688 247678899398778987969859876799
262 000000000111111122222233334477 112334556234556634455644565688 247697898389778998869757876999
263 000000000111111122222233334477 112334556234556634455644565688 249678897389778997868757986999
264 000000000111111122222233334477 112334556234556634455644565688 248679897398778997869757886999
265 000000000111111122222233334477 112334556234556634455644565688 248677899389778997968758976899
266 000000000111111122222233334477 112334556234556634455644565688 248679789389797897768958976899
267 000000000111111122222233334477 112334556234556634455644565688 248679798398787997769858876999
268 000000000111111122222233334477 112334556234556634455644565688 248679798398787987769959876899
269 000000000111111122222233334477 112334556234556634455644565688 248698797379897897768958786999
270 000000000111111122222233334477 112334556234556634455644565688 247697898388797997968858776999
271 000000000111111122222233334477 112334556234556634455644565688 247687899398797887968959776899
272 000000000111111122222233334477 112334556234556634455644565688 247697898399787887869958776999
273 000000000111111122222233334477 112334556234556634455644565688 247687899389787997869859776899
274 000000000111111122222233334477 112334556234556634455644565688 247687899389797897868959776899
275 000000000111111122222233334477 112334556234556634455644565688 247687899398787987969859776899
276 000000000111111122222233334477 112334556234556634455644565688 247687899398797897968858776999
277 000000000111111122222233334477 112334556234556634455644565688 247687899399787897869858776999
278 000000000111111122222233334477 112334556234556634455644565688 247689798378897998967857896799
279 000000000111111122222233334477 112334556234556634455644565688 247688799379897898967857896799
280 000000000111111122222233334477 112334556234556634455644565688 247689789378897998967857986799
281 000000000111111122222233334477 112334556234556634455644565688 247699788377898988967958976799
282 000000000111111122222233334477 112334556234556634455644565688 247689789377898998967858976799
283 000000000111111122222233334477 112334556234556634455644565688 247698798387897998967857876999
284 000000000111111122222233334477 112334556234556634455644565688 247688799397897898967857876999
285 000000000111111122222233334477 112334556234556634455644565688 247698897387798998968757786999
286 000000000111111122222233334477 112334556234556634455644565688 247689897387798998968757796899
287 000000000111111122222233334477 112334556234556634455644565688 248677899398797898967757886999
288 000000000111111122222233334477 112334556234556634455644565688 248677899389797898967757896899
289 000000000111111122222233334477 112334556234556634455644565688 248677899389787998967757986899
290 000000000111111122222233334477 112334556234556634455644565688 249679788397897887869758796999
291 000000000111111122222233334477 112334556234556634455644565688 248679789397897887969758796899
292 000000000111111122222233334477 112334556234556634455644565688 248679789387897997869759786899
293 000000000111111122222233334477 112334556234556634455644565688 248679798387897997968758796899
294 000000000111111122222233334477 112334556234556634455644565688 248678799397897897968758786999
295 000000000111111122222233334477 112334556234556634455644565688 248679897397788987967958976899
296 000000000111111122222233334477 112334556234556634455644565688 248679897387798997867959876899
297 000000000111111122222233334477 112334556234556634455644565688 248689797377898998967757896899
298 000000000111111122222233334477 112334556234556634455644565688 247689897378798997968858796799
299 000000000111111122222233334477 112334556234556634455644565688 247689897378798997868959786799
300 000000000111111122222233334477 112334556234556634455644565688 247697898379788988969758796799
301 000000000111111122222233334477 112334556234556634455644565688 248697897379788987969758796899
302 000000000111111122222233334477 112334556234556634455644565688 248699787398797877869957886999
303 000000000111111122222233334477 112334556234556634455644565688 248699787389797877869957896899
304 000000000111111122222233334477 112334556234556634455644565688 248689797399787877869957896899
305 000000000111111122222233334477 112334556234556634455644565688 248689797398787977968957986899
306 000000000111111122222233334477 112334556234556634455644565688 248698797389797877968957896899
307 000000000111111122222233334477 112334556234556634455644565688 247688799399787878969857896799
308 000000000111111122222233334477 112334556234556634455644565688 247688799399787878968957986799
309 000000000111111122222233334477 112334556234556634455644565688 247687899399787878969858796799
310 000000000111111122222233334477 112334556234556634455644565688 247687899398797878968959786799
311 000000000111111122222233334477 112334556234556634455644565688 247687899398787978969859786799
312 000000000111111122222233334477 112334556234556634455644565688 247689798397788978968958976799
313 000000000111111122222233334477 112334556234556634455644565688 247689789397788978969858976799
314 000000000111111122222233334477 112334556234556634455644565688 247688799397788978969859876799
315 000000000111111122222233334477 112334556234556634455644565688 247689897387798997868959776899
316 000000000111111122222233334477 112334556234556634455644565688 247689897397788987869959776899
317 000000000111111122222233334477 112334556234556634455644565688 247689897397788997869858776999
318 000000000111111122222233334477 112334556234556634455644565688 247689789397897887869959776899
319 000000000111111122222233334477 112334556234556634455644565688 247688799397897887968959776899
320 000000000111111122222233334477 112334556234556634455644565688 247689798397897897868958776999
321 000000000111111122222233334477 112334556234556634455644565688 247689897388797997968857796899
322 000000000111111122222233334477 112334556234556634455644565688 247689897399787887869957796899
323 000000000111111122222233334477 112334556234556634455644565688 247689897398797897868957786999
324 000000000111111122222233334477 112334556234556634455644565688 247689897398787997869857786999
325 000000000111111122222233334477 112334556234556634455644565688 247689789388797997968857976899
326 000000000111111122222233334477 112334556234556634455644565688 247688799389787997968857976899
327 000000000111111122222233334477 112334556234556634455644565688 247689789399787887869957976899
328 000000000111111122222233334477 112334556234556634455644565688 247689798398787987968957976899
329 000000000111111122222233334477 112334556234556634455644565688 247688799399787887968957976899
330 000000000111111122222233334477 112334556234556634455644565688 247689789398787987969857976899
331 000000000111111122222233334477 112334556234556634455644565688 247689798398787997869857876999
332 000000000111111122222233334477 112334556234556634455644565688 247688799399787897869857876999
333 000000000111111122222233334477 112334556234556634455644565688 247689798398797897868957876999
334 000000000111111122222233334477 112334556234556634455644565688 247689798378897997968858796799
335 000000000111111122222233334477 112334556234556634455644565688 247688799379897897868959786799
336 000000000111111122222233334477 112334556234556634455644565688 247678899398797887968959786799
337 000000000111111122222233334477 112334556234556634455644565688 247678899389787997869859786799
338 000000000111111122222233334477 112334556234556634455644565688 247678899389797897968858796799
339 000000000111111122222233334477 112334556234556634455644565688 247678899399787887969858796799
340 000000000111111122222233334477 112334556234556634455644565688 247687899379788998967858976799
341 000000000111111122222233334477 112334556234556634455644565688 247689897377898998967858796799
342 000000000111111122222233334477 112334556234556634455644565688 247687899379897898967858796799
343 000000000111111122222233344477 112335566233456633445645555688 249497788577889988796766989799
344 000000000111111122222233344477 112335566233456633445645555688 248497789578897979796866889799
345 000000000111111122222233344477 112335566233456633445645555688 248497789579897878796966889799
346 000000000111111122222233344477 112335566233456633445645555688 247478989589877979896866879799
347 000000000111111122222233344477 112335566233456633445645555688 247488979578978979896866978799
348 000000000111111122222233344477 112335566233456633445645555688 247487989579887979896866879799
349 000000000111111122222233344477 112335566233456633445645555688 247478989589778989896766789799
350 000000000111111122222333344577 112234455223345634566445656688 683997768457798988779569898799
351 000000000111111122222333344577 112234455223345634566445656688 693887769457788999778569889799
352 000000000111111122222333344577 112234455223345634566445656688 683987769457989779788568989799
353 000000000111111122222333344577 112234455223345634566445656688 693987768457889779788569989799
354 000000000111111122222333344577 112234455223345634566445656688 693897768457887979879569898799
355 000000000111111122222333344577 112234455223345634566445656688 693987768457987878978568999799
356 000000000111111122222333344577 112234455223345634566445656688 683987769457997878879569889799
357 000000000111111122222333344577 112234455223345634566445656688 683997768457897978978568998799
358 000000000111111122222333344577 112234455223345634566445656688 683997768457897978879569898799
359 000000000111111122222333344577 112234455223345634566445656688 693887769457988799778567889999
360 000000000111111122222333344577 112234455223345634566445656688 683987769457998798778567889999
361 000000000111111122222333344577 112234455223345634566445656688 683987769457897998778569789899
362 000000000111111122222333344577 112234455223345634566445656688 693887769457987889779569789899
363 000000000111111122222333344577 112234455223345634566445656688 693987768457987898778568799999
364 000000000111111122222333344577 112234455223345634566445656688 683997768457897988779569798899
365 000000000111111122222333344577 112234455223345634566445656688 683897769457897999778568788999
366 000000000111111122222333344577 112234455223345634566445656688 683987769457997898778568789999
367 000000000111111122222333344577 112234455223345634566445656688 683997768457997888779568798999
368 000000000111111122222333344577 112234455223345634566445656688 683897769457997889779568788999
369 000000000111111122222333344577 112234455223345634566445656688 683987769457997888779569789899
370 000000000111111122222333344577 112234455223345634566445656688 693897768458897778799569798899
371 000000000111111122222333344577 112234455223345634566445656688 693987768458987779788569789999
372 000000000111111122222333344577 112234455223345634566445656688 673878969457898997978568978799
373 000000000111111122222333344577 112234455223345634566445656688 673978968457988987978569879799
374 000000000111111122222333344577 112234455223345634566445656688 673878969457998887979568978799
375 000000000111111122222333344577 112234455223345634566445656688 673878969457898997879569878799
376 000000000111111122222333344577 112234455223345634566445656688 673878969457989897879568879799
377 000000000111111122222333344577 112234455223345634566445656688 673878969457988997978568879799
378 000000000111111122222333344577 112234455223345634566445656688 673978968457899887789569987799
379 000000000111111122222333344577 112234455223345634566445656688 673978968457988987789569897799
380 000000000111111122222333344577 112234455223345634566445656688 673878969457898997789569887799
381 000000000111111122222333344577 112234455223345634566445656688 673878969457899898779568977899
382 000000000111111122222333344577 112234455223345634566445656688 673878969457989889779568977899
383 000000000111111122222333344577 112234455223345634566445656688 673878969457988989779569877899
384 000000000111111122222333344577 112234455223345634566445656688 673878969457988999778568877999
385 000000000111111122222333344577 112234455223345634566445656688 673878969457889999778568977899
386 000000000111111122222333344577 112234455223345634566445656688 673897968458979878979567889799
387 000000000111111122222333344577 112234455223345634566445656688 673897869458979879879567889799
388 000000000111111122222333344577 112234455223345634566445656688 673997868458979878879567899799
389 000000000111111122222333344577 112234455223345634566445656688 673897968458978978979567898799
390 000000000111111122222333344577 112234455223345634566445656688 673897869458978979879567898799
391 000000000111111122222333344577 112234455223345634566445656688 673887969458979879879567988799
392 000000000111111122222333344577 112234455223345634566445656688 673897869458978979978567889799
393 000000000111111122222333344577 112234455223345634566445656688 673897869458978979789568798799
394 000000000111111122222333344577 112234455223345634566445656688 673887969458978979789569788799
395 000000000111111122222333344577 112234455223345634566445656688 673997868458979889778567789999
396 000000000111111122222333344577 112234455223345634566445656688 673897869458978989779567798899
397 000000000111111122222333344577 112234455223345634566445656688 673897968458979889779567788999
398 000000000111111122222333344577 112234455223345634566445656688 673887969458979898779567789899
399 000000000111111122222333344577 112234455223345634566445656688 673887969458978999778567788999
400 000000000111111122222333344577 112234455223345634566445656688 673988967458987977889569797899
401 000000000111111122222333344577 112234455223345634566445656688 673898967458987977989568797899
402 000000000111111122222333344577 112234455223345634566445656688 683778969458979779889568978799
403 000000000111111122222333344577 112234455223345634566445656688 683798967457879989789569787899
404 000000000111111122222333344577 112234455223345634566445656688 683798967457879998789568797899
405 000000000111111122222333344577 112234455223345634566445656688 683798967457979889789568787999
406 000000000111111122222333344577 112234455223345634566445656688 693897867457898779978568978999
407 000000000111111122222333344577 112234455223345634566445656688 683997867457899779878568978999
408 000000000111111122222333344577 112234455223345634566445656688 683997867457899778978568979899
409 000000000111111122222333344577 112234455223345634566445656688 683897967457899778979568978899
410 000000000111111122222333344577 112234455223345634566445656688 683997867457899778879569879899
411 000000000111111122222333344577 112234455223345634566445656688 683987967457989778978568979899
412 000000000111111122222333344577 112234455223345634566445656688 683897967457989779879568878999
413 000000000111111122222333344577 112234455223345634566445656688 683987967457998778879569878999
414 000000000111111122222333344577 112234455223345634566445656688 683997867457998778978568879999
415 000000000111111122222333344577 112234455223345634566445656688 683778969458977989879569778899
416 000000000111111122222333344577 112234455223345634566445656688 683778969458977999878568778999
417 000000000111111122222333344577 112234455223345634566445656688 683778969458977998978568779899
418 000000000111111122222333344577 112234455223345634566445656688 683798967458979779889567887999
419 000000000111111122222333344577 112234455223345634566445656688 673898967457899877989568987799
420 000000000111111122222333344577 112234455223345634566445656688 673898967457898977989569887799
421 000000000111111122222333344577 112234455223345634566445656688 673898967457988977989568897799
422 000000000111111122222333344577 112234455223345634566445656688 673897869457899879789568987799
423 000000000111111122222333344577 112234455223345634566445656688 673887969457989879789568987799
424 000000000111111122222333344577 112234455223345634566445656688 673897968457889979789569887799
425 000000000111111122222333344577 112234455223345634566445656688 673897869457988979789568897799
426 000000000111111122222333344577 112234455223345634566445656688 673898967457989879879568877999
427 000000000111111122222333344577 112234455223345634566445656688 673898967457988979978568877999
428 000000000111111122222333344577 112234455223345634566445656688 673897968457989878979568879799
429 000000000111111122222333344577 112234455223345634566445656688 673897968457899878979568978799
430 000000000111111122222333344577 112234455223345634566445656688 673887969457998878979568978799
431 000000000111111122222333344577 112234455223345634566445656688 673897968457898978979569878799
432 000000000111111122222333344577 112234455223345634566445656688 673887969457988979879569878799
433 000000000111111122222333344577 112234455223345634566445656688 673897869457899879879568978799
434 000000000111111122222333344577 112234455223345634566445656688 673897869457899889779567987899
435 000000000111111122222333344577 112234455223345634566445656688 673897869457998889779567887999
436 000000000111111122222333344577 112234455223345634566445656688 673897869457988989779567897899
437 000000000111111122222333344577 112234455223345634566445656688 673897968457889998779567897899
438 000000000111111122222333344577 112234455223345634566445656688 673887969457998898779567887999
439 000000000111111122222333344577 112234455223345634566445656688 673887969457889999778567987899
440 000000000111111122222333344577 112234455223345634566445656688 673788969457989889879567977899
441 000000000111111122222333344577 112234455223345634566445656688 673788969457988999878567877999
442 000000000111111122222333344577 112234455223345634566445656688 673897968457989887979567889799
443 000000000111111122222333344577 112234455223345634566445656688 673897869457998887979567889799
444 000000000111111122222333344577 112234455223345634566445656688 673897968457988987979567898799
445 000000000111111122222333344577 112234455223345634566445656688 673897869457898997879567898799
446 000000000111111122222333344577 112234455223345634566445656688 673887969457989897879567889799
447 000000000111111122222333344577 112234455223345634566445656688 673887969457898997978567988799
448 000000000111111122222333344577 112234455223345634566445656688 673898967457898987979569778899
449 000000000111111122222333344577 112234455223345634566445656688 673898967457989887979568779899
450 000000000111111122222333344577 112234455223345634566445656688 673898967457899897879568778999
451 000000000111111122222333344577 112234455223345634566445656688 673898967457889997978568779899
452 000000000111111122222333344577 112234455223345634566445656688 673898967457899897789568787999
453 000000000111111122222333344577 112234455223345634566445656688 673898967457889997789568797899
454 000000000111111122222333344577 112234455223345634566445656688 673788969457898997889569778799
455 000000000111111122222333344577 112234455223345634566445656688 673788969457989897889568779799
456 000000000111111122222333344577 112234455223345634566445656688 673898967458979877989568789799
457 000000000111111122222333344577 112234455223345634566445656688 673878969458979897789568789799
458 000000000111111122222333344577 112234455223345634566445656688 673897869458997879789568787999
459 000000000111111122222333344577 112234455223345634566445656688 673897869458987979789568797899
460 000000000111111122222333344577 112234455223345634566445656688 673897869458987979879567897899
461 000000000111111122222333344577 112234455223345634566445656688 673897869458998779879567878999
462 000000000111111122222333344577 112234455223345634566445656688 683897769485797995977687889899
463 000000000111111122222333344577 112234455223345634566445656688 693887769495787885977697989899
464 000000000111111122222333344577 112234455223345634566445656688 683897769495797895877687889999
465 000000000111111122222333344577 112234455223345634566445656688 683997768475899775988687989799
466 000000000111111122222333344577 112234455223345634566445656688 683987769475998775988687989799
467 000000000111111122222333344577 112234455223345634566445656688 693987768475889775988697989799
468 000000000111111122222333344577 112234455223345634566445656688 693987768475988775988687999799
469 000000000111111122222333344577 112234455223345634566445656688 673788969475898995889679778799
470 000000000111111122222333344577 112234455223345634566445656688 673798968475899885989677987799
471 000000000111111122222333344577 112234455223345634566445656688 673798968475988985989677897799
472 000000000111111122222333344577 112234455223345634566445656688 673788969475998885989677987799
473 000000000111111122222333344577 112234455223345634566445656688 673978968485799895778688977999
474 000000000111111122222333344577 112234455223345634566445656688 673878969495798885779689977899
475 000000000111111122222333344577 112234455223345634566445656688 673978968495788985778699877999
476 000000000111111122222333344577 112234455223345634566445656688 673878969485789995779698877899
477 000000000111111122222333344577 112234455223345634566445656688 673878969485798995779689877899
478 000000000111111122222333344577 112234455223345634566445656688 673878969495789885779698977899
479 000000000111111122222333344577 112234455223345634566445656688 673878969495798895778688977999
480 000000000111111122222333344577 112234455223345634566445656688 673878969495788995778698877999
481 000000000111111122222333344577 112234455223345634566445656688 673987869495978875878687999799
482 000000000111111122222333344577 112234455223345634566445656688 673997868485879975978697889799
483 000000000111111122222333344577 112234455223345634566445656688 673987869485978975879697898799
484 000000000111111122222333344577 112234455223345634566445656688 673987968485979875978687989799
485 000000000111111122222333344577 112234455223345634566445656688 673897968485978975979687898799
486 000000000111111122222333344577 112234455223345634566445656688 673887969485978975979697888799
487 000000000111111122222333344577 112234455223345634566445656688 673897968485979875979687889799
488 000000000111111122222333344577 112234455223345634566445656688 673897869495978875879687899799
489 000000000111111122222333344577 112234455223345634566445656688 673887969495879875879697988799
490 000000000111111122222333344577 112234455223345634566445656688 673887969495978875978687989799
491 000000000111111122222333344577 112234455223345634566445656688 673897869495878975978697889799
492 000000000111111122222333344577 112234455223345634566445656688 673897968495878975978687998799
493 000000000111111122222333344577 112234455223345634566445656688 673887969495878975978697988799
494 000000000111111122222333344577 112234455223345634566445656688 673987968485979875789689789799
495 000000000111111122222333344577 112234455223345634566445656688 673897968495879875789689789799
496 000000000111111122222333344577 112234455223345634566445656688 673897869495879875789698789799
497 000000000111111122222333344577 112234455223345634566445656688 673898967485897975979679887899
498 000000000111111122222333344577 112234455223345634566445656688 673898967495897875978678987999
499 000000000111111122222333344577 112234455223345634566445656688 683778969495879775889698978799
500 000000000111111122222333344577 112234455223345634566445656688 683778969485977975989698887799
501 000000000111111122222333344577 112234455223345634566445656688 693877869475898795789678998799
502 000000000111111122222333344577 112234455223345634566445656688 683977869475998785789679889799
503 000000000111111122222333344577 112234455223345634566445656688 683977968475899785789679988799
504 000000000111111122222333344577 112234455223345634566445656688 683977968475897985978679988799
505 000000000111111122222333344577 112234455223345634566445656688 683977869475897995878678998799
506 000000000111111122222333344577 112234455223345634566445656688 683877969475897995978678988799
507 000000000111111122222333344577 112234455223345634566445656688 683877969475897995879679888799
508 000000000111111122222333344577 112234455223345634566445656688 683977869475997885879679889799
509 000000000111111122222333344577 112234455223345634566445656688 683797869485797985979697887899
510 000000000111111122222333344577 112234455223345634566445656688 683797869485797995879687897899
511 000000000111111122222333344577 112234455223345634566445656688 683797968495787985978687997899
512 000000000111111122222333344577 112234455223345634566445656688 683787969495797895878687987999
513 000000000111111122222333344577 112234455223345634566445656688 673898967475899875989678987799
514 000000000111111122222333344577 112234455223345634566445656688 673898967475898975989679887799
515 000000000111111122222333344577 112234455223345634566445656688 673898967475988975989678897799
516 000000000111111122222333344577 112234455223345634566445656688 673897968475899875989687987799
517 000000000111111122222333344577 112234455223345634566445656688 673887969475998875989687987799
518 000000000111111122222333344577 112234455223345634566445656688 673897869475898975989697887799
519 000000000111111122222333344577 112234455223345634566445656688 673897968475988975989687897799
520 000000000111111122222333344577 112234455223345634566445656688 673898967475898975989689777899
521 000000000111111122222333344577 112234455223345634566445656688 673887969475988975989698778799
522 000000000111111122222333344577 112234455223345634566445656688 673897968475899895789687787999
523 000000000111111122222333344577 112234455223345634566445656688 673887969475998895789687787999
524 000000000111111122222333344577 112234455223345634566445656688 673897869475898995789687797899
525 000000000111111122222333344577 112234455223345634566445656688 673887969475889995789697787899
526 000000000111111122222333344577 112234455223345634566445656688 673897869475899895789678789799
527 000000000111111122222333344577 112234455223345634566445656688 673897968475889995789678798799
528 000000000111111122222333344577 112234455223345634566445656688 673887969475898995789679788799
529 000000000111111122222333344577 112234455223345634566445656688 673887969475998895879687778999
530 000000000111111122222333344577 112234455223345634566445656688 673897869475899895879687779899
531 000000000111111122222333344577 112234455223345634566445656688 673887969475889995879697778899
532 000000000111111122222333344577 112234455223345634566445656688 673897869495798875789688997799
533 000000000111111122222333344577 112234455223345634566445656688 673887969495798875789689987799
534 000000000111111122222333344577 112234455223345634566445656688 673898967485799875979688977899
535 000000000111111122222333344577 112234455223345634566445656688 673898967495798875879689877999
536 000000000111111122222333344577 112234455223345634566445656688 673898967495798875978688977999
537 000000000111111122222333344577 112234455223345634566445656688 673788969495798885789679987799
538 000000000111111122222333344577 112234455223345634566445656688 673897968485789995779687897899
539 000000000111111122222333344577 112234455223345634566445656688 673897968485799895779687887999
540 000000000111111122222333344577 112234455223345634566445656688 673897869495798885779697887999
541 000000000111111122222333344577 112234455223345634566445656688 673788969495788995878697877999
542 000000000111111122222333344577 112234455223345634566445656688 673887969485789995779698778899
543 000000000111111122222333344577 112234455223345634566445656688 673897968495798885779689778999
544 000000000111111122222333344577 112234455223345634566445656688 673897869495798885779698778999
545 000000000111111122222333344577 112234455223345634566445656688 673897869495798895778688779999
546 000000000111111122222333344577 112234455223345634566445656688 673887969495788995778698778999
547 000000000111111122222233334477 112345566234455633445645665588 239497788687789957889798796699
548 000000000111111122222233334477 112345566234455633445645665588 239497788678899758778998796699
549 000000000111111122222233334477 112345566234455633445645665588 238498977678879959778997886699
550 000000000111111122222233334477 112345566234455633445645665588 238498977678879959797878896699
551 000000000111111122222233334477 112345566234455633445645665588 237478989688979759798887796699
552 000000000111111122222233334477 112345566234455633445645665588 237478989698978758799887796699
553 000000000111111122222233334477 112345566234455633445645665588 237487989687989759897878796699
554 000000000111111122222233334477 112345566234455633445645665588 237488979697978858899777896699
555 000000000111111122222233334477 112345566234455633445645665588 238497978698978757789978896699
556 000000000111111122222233334477 112345566234455633445645665588 238487979698978757799878896699
557 000000000111111122222233334477 112345566234455633445645665588 237488979697879858798997786699
558 000000000111111122222233334477 112345566234455633445645665588 237488979687978959789897786699
559 000000000111111122222233334477 112345566234455633445645665588 237487989687989759788997786699
560 000000000111111122222233334477 112345566234455633445645665588 237488979688979759798877896699
561 000000000111111122222233334477 112345566234455633445645665588 237478989697878958899797786699
562 000000000111111122222223334577 113344556334455633445564466688 226977889776899888996775598799
563 000000000111111122222223334577 113344556334455633445564466688 226789897896779889786795579899
564 000000000111111122222223334577 113344556334455633445564466688 226879897786879979896785597899
565 000000000111111122222223334577 113344556334455633445564466688 226879897796879878896795597899
566 000000000111111122222223334577 113344556334455633445564466688 226778899786979889796875598799